1000 2000
0 199 631 0.6444025184532091
0 904 877 0.3698886504892366
0 727 584 0.2764757387462631
0 568 926 0.2828635130469759
1 97 301 0.5955597705407063
1 203 140 0.8063274082438194
1 974 274 0.11640027399995401
1 712 857 0.6834762192623112
2 692 551 0.931291413464157
2 238 647 0.6161431429554252
3 6 559 0.2029600236804694
4 847 688 0.1733402807758313
4 470 807 0.4002349143471098
4 387 569 0.7354573498419262
5 16 323 0.8416282205203546
5 558 250 0.8198122388451474
5 995 511 0.1449020512471646
5 997 916 0.6322895821950005
7 694 997 0.5990843490868596
7 585 334 0.13480159173590867
8 61 195 0.1043393246044868
8 971 970 0.5122114048193203
8 504 207 0.7408794305160131
9 620 580 0.8912131516466726
9 140 893 0.6463160107468928
9 85 903 0.448470127431709
10 839 683 0.6562752306887054
10 857 629 0.5638767495477884
11 790 64 0.939030219237163
11 477 7 0.5603987028812707
11 310 223 0.08974186465279033
12 698 464 0.4373588125087955
12 757 922 0.9490869640784055
12 888 402 0.70893077768161
12 983 337 0.46215369797532035
13 662 735 0.9259727796680212
14 641 274 0.09182390271067875
14 364 981 0.7219887709851892
15 726 289 0.16430319046016317
15 291 799 0.2502242612020936
15 347 795 0.705975990605388
16 602 541 0.7062774269079908
16 29 402 0.8922095059286455
16 245 879 0.9628633561954965
17 326 876 0.31822932060836295
18 425 10 0.23295345471936846
20 770 723 0.41636500052572456
21 594 833 0.5628519038491367
21 793 168 0.03965738568782784
21 934 348 0.3319666600864334
21 650 262 0.6784704231670814
22 73 110 0.780181218280213
22 64 317 0.6136316421453653
23 991 677 0.350778136813399
23 361 853 0.3495253898320555
24 825 453 0.5002931523791099
25 380 787 0.16371244034789945
25 177 686 0.22045811908170498
25 455 920 0.1565371032204893
25 335 756 0.06242704635112517
26 106 369 0.9921675147454652
26 625 680 0.08236131104495936
27 990 13 0.6912535785245135
27 759 728 0.6913556317337821
27 869 862 0.7981744107577358
27 916 302 0.6272764474721231
28 744 833 0.9462566850026596
29 215 282 0.4063865182720081
30 525 632 0.596404897480901
30 271 667 0.6544904563786106
30 273 904 0.7529666606161157
31 999 596 0.8900762541053527
32 810 782 0.7533360590104609
32 37 31 0.06791628864701948
34 121 324 0.2039692744298558
36 147 479 0.5813112713977961
37 125 167 0.5315753198061287
38 876 697 0.31848353703668175
38 146 393 0.6421999045671246
39 400 18 0.709955573148603
39 982 256 0.5304107010578455
40 362 373 0.8955559575825272
41 247 342 0.2600421816673799
41 284 632 0.05810274896946577
42 168 517 0.6210137206739653
42 801 156 0.7045040014310313
42 365 476 0.18727710226501515
42 544 606 0.5435638304912466
44 178 905 0.3862597144734238
44 290 730 0.4066330048239776
44 306 680 0.26390700304198333
45 372 759 0.6494969960187432
45 23 428 0.5128344384133203
46 326 517 0.4781073485671723
46 771 64 0.7116232669354585
47 358 192 0.43016611842549624
47 216 350 0.10155950339622422
47 59 206 0.05340982302348829
48 81 355 0.8514152065102063
48 465 24 0.5700876805073447
48 2 635 0.0565728513655781
49 749 569 0.9645236729129181
50 62 230 0.7533528395449326
50 472 311 0.07534622776170297
50 439 783 0.9652733992671649
51 271 358 0.9657428367481143
51 198 119 0.2752563099413432
51 10 437 0.26814811647636994
52 836 431 0.9248682106128686
52 50 321 0.22978600536696847
53 944 136 0.3561413914239152
54 827 960 0.2711341272954667
54 657 789 0.9962808691928638
55 189 644 0.26333559305166776
55 948 860 0.46477334376379076
56 704 999 0.06336159081359605
58 583 175 0.20537908805124727
58 202 488 0.7730452124065216
58 818 735 0.8469603446162107
58 565 685 0.3927877543477678
59 453 839 0.12602073426605698
60 266 513 0.7675664042175536
60 433 157 0.8083345651786581
60 267 135 0.17115145636823959
60 109 32 0.013035829959508805
61 483 941 0.6461690019438714
61 115 650 0.6065854093888663
61 25 338 0.1823823369724078
62 338 581 0.23225889708100367
63 502 699 0.0009400302639280822
64 263 270 0.05073435890699274
64 692 48 0.7323664783291385
64 377 997 0.31912580115945854
64 789 937 0.5678997546210778
65 205 362 0.8053618509879708
65 254 997 0.7998143443764125
67 809 984 0.625614153259426
67 842 695 0.9977350210237987
68 924 607 0.07292603436628042
68 193 897 0.2342538143738263
68 498 945 0.5201779242205665
68 576 96 0.6901495893197067
69 961 949 0.22594461443069214
69 626 756 0.21335197746306034
69 287 3 0.8412379569463001
70 778 61 0.8006560656880781
70 931 972 0.3196138532325976
70 244 135 0.21233011323011652
71 574 245 0.8638417234689056
71 403 468 0.17957507376895288
72 339 926 0.8642650755774761
73 74 491 0.3418495336741111
74 803 263 0.08967522632954883
74 545 904 0.20675196606784607
74 970 280 0.44999256219000383
74 753 923 0.703653290118293
75 392 62 0.2654279363051394
75 243 68 0.8093073357052194
76 104 248 0.6049064295911735
76 974 875 0.2636999168779356
77 530 917 0.824183281515479
77 753 338 0.3667624566116354
77 982 945 0.07184505845253464
77 931 694 0.38306458029005686
78 924 192 0.6638568647901408
79 194 361 0.31300586623472104
80 397 25 0.4601855864138429
80 718 55 0.8974086345761894
80 1 861 0.7145858740974408
81 183 968 0.35336646764630986
81 113 295 0.5397536019768325
82 649 746 0.2878615852107852
82 297 318 0.0715399347494241
83 586 151 0.19008686653531226
83 247 538 0.6170733682662144
83 625 744 0.14058140692507737
84 460 593 0.9371967234142267
85 31 303 0.7548505770340211
85 151 555 0.818657034985784
86 238 358 0.7163141575658151
86 163 245 0.5632495496295682
86 958 440 0.2774932309908633
86 892 199 0.69345997853818
86 11 18 0.21067098312505894
87 169 287 0.38171859604732294
88 827 292 0.38313802656854923
88 690 404 0.9383251586184533
88 511 932 0.8676660824326923
89 783 297 0.5586710697186453
90 82 388 0.9817881255584617
91 346 560 0.4088874223785107
91 758 990 0.1624369864434303
91 851 215 0.8265353372357246
92 532 806 0.7377697399181747
93 543 737 0.7801045003947522
93 171 710 0.8201772480975218
93 842 761 0.5164662672130023
94 399 147 0.2419267332744991
94 802 816 0.954953468741361
94 902 929 0.1612042361454663
94 979 665 0.29878600708250125
95 25 951 0.7204625106458371
95 592 597 0.23152015647781388
95 303 623 0.2713217019822194
95 527 86 0.022716553797575423
96 540 39 0.4285905265699429
96 271 435 0.3387312006526306
96 981 111 0.6947904304094575
96 453 11 0.9759894622761768
97 886 676 0.2840568857659017
97 508 181 0.984043715988496
97 372 756 0.9515243902231806
98 629 482 0.2924462134772329
98 471 648 0.8431431065920186
98 521 776 0.3643595624739382
99 375 946 0.49846478606751987
99 485 608 0.5919738859778679
99 921 275 0.0704341677353485
100 162 664 0.06475780299463152
100 409 906 0.9312769689850019
100 299 134 0.05736127035662808
100 719 907 0.9860800095338846
101 668 121 0.8997431670610633
101 175 480 0.8115524648082592
101 741 172 0.31572504378465394
102 496 198 0.6278225454141569
102 314 788 0.9754600250559264
102 303 262 0.8188395402325859
102 489 908 0.2652066466172155
102 691 381 0.5361758739825615
103 921 352 0.7698163340793236
103 452 508 0.24373593129563342
104 47 189 0.6543038743758328
105 788 37 0.7395418704658344
106 831 716 0.03504413043207022
106 830 248 0.46586017709167815
107 364 388 0.4088305270182697
107 515 703 0.15135388380193704
109 307 474 0.8097999435011176
110 644 567 0.13034029001669645
110 568 329 0.6146196893770639
110 724 515 0.8448041121117922
111 530 7 0.7643604438679855
111 192 473 0.3124181851123199
111 924 234 0.3376275166282955
111 343 817 0.6923680303864473
111 35 453 0.3497577172631944
112 497 690 0.6550043906766363
112 579 181 0.7915512122187403
112 669 168 0.20054588608258284
113 616 695 0.556269172609192
113 335 301 0.013285290937785632
114 821 723 0.7045492245212692
114 945 633 0.26131492185843885
115 949 106 0.26347727027680046
115 200 879 0.556566838040355
115 975 258 0.9031586944710279
117 653 669 0.39876977258487767
117 258 137 0.8550195902648289
118 753 646 0.5125174471164368
119 163 477 0.17245984528766434
119 728 229 0.4736267675855904
120 368 444 0.4996560293712051
121 982 574 0.7978682451204859
121 70 564 0.7016712405796313
122 569 562 0.05872599296578751
122 623 485 0.414293269383988
123 69 670 0.5258943396678437
123 602 712 0.9166496638676495
123 413 603 0.7346062873624271
123 43 713 0.4289897611075364
123 376 140 0.8585996396820661
124 492 641 0.9218665902990028
124 757 857 0.8929029143204789
124 848 46 0.01992746125443401
124 789 208 0.8529735187626641
125 793 743 0.26312669301842817
126 206 79 0.48566322282489793
127 895 936 0.7779005247819573
127 331 392 0.8257531060179891
128 551 197 0.08330367242646952
128 388 336 0.9915979759258945
128 379 511 0.8178710255460447
128 462 215 0.681838861544787
128 676 866 0.10148736837513217
128 417 140 0.4864318409545948
128 917 667 0.7217486927305945
132 14 962 0.11582444743130438
132 40 988 0.5240078905977704
134 367 637 0.16005479841714731
134 570 23 0.9180376968787618
134 663 517 0.1449244549411618
135 510 558 0.6413868441662863
135 393 763 0.561508250975358
135 536 655 0.48914310987559384
135 979 479 0.6203383345469254
135 576 457 0.7022635225069531
136 336 722 0.844711339612479
136 430 372 0.10339677509043277
136 372 717 0.6907351974796153
137 891 514 0.7332291431055318
137 185 967 0.7348244592201332
139 943 41 0.7557664582493889
139 788 784 0.8090471979009987
139 477 33 0.5140765695606507
139 320 494 0.35282787622274203
139 828 841 0.21903172689093953
140 621 326 0.5692812142436179
141 502 159 0.8445191457185139
142 20 856 0.9256277557967216
142 947 871 0.40002901560927817
142 777 808 0.6421453404420575
142 843 736 0.43112056814044586
143 34 974 0.3369229698958248
144 540 538 0.09393619528766306
144 685 377 0.3161421071975412
145 48 671 0.15117589824641608
146 837 641 0.24204406554188895
146 348 455 0.7034475821436054
146 954 930 0.6613249273008036
146 486 588 0.2775184026673655
147 648 654 0.3326954896592398
148 339 92 0.6896953020676689
150 3 56 0.09929788700286268
150 905 711 0.24255905821614254
150 124 75 0.7660406527498368
150 772 764 0.11435966208555248
151 104 970 0.08280697623527
152 592 312 0.2061814273083712
153 988 936 0.08363511211381813
153 81 45 0.9584164628457799
153 550 41 0.13054831089391028
153 116 862 0.43424382055419564
153 190 284 0.5563821451877753
153 678 912 0.8019464378769628
153 936 478 0.2780271092890467
153 340 345 0.9372691390165547
153 480 620 0.643889010852303
153 463 654 0.1318308780094154
153 186 552 0.2474594252402854
154 576 239 0.9998867018614851
154 542 735 0.7697981819581352
154 982 275 0.9066202558657228
155 602 607 0.3784038508506117
156 561 231 0.7011742855285078
157 151 961 0.38821860606783365
158 761 742 0.5739455161171928
158 37 644 0.06782619360671549
158 461 785 0.33715313682423165
159 380 563 0.9347510704481007
159 641 345 0.5514282137156412
159 775 173 0.2145148632774705
160 395 947 0.7448763077747347
160 16 80 0.005575424897378944
161 131 633 0.4755349030798153
162 920 220 0.6781121359976617
162 44 322 0.08028484010888348
162 379 871 0.626304058874112
163 861 215 0.414281482022386
163 189 292 0.2227760876447411
163 342 4 0.38385428361384066
164 83 453 0.7605847817768435
165 382 187 0.9194435128522472
165 990 432 0.08014776344733876
166 295 571 0.3072318474345793
166 392 532 0.6321725855907421
166 257 863 0.35420571898732633
166 751 172 0.34333197228933365
166 275 430 0.19687295073432665
166 259 546 0.5839216508620898
167 468 398 0.5933214924912784
167 321 115 0.3038692626872287
167 938 370 0.823143829780935
168 850 187 0.1501426905168296
170 151 243 0.2971183103161522
170 956 565 0.6648133750349867
171 253 125 0.11360181428856697
171 665 114 0.4530950814007242
172 981 416 0.4238549326991672
172 517 945 0.685972127374121
173 475 715 0.47537514751072385
174 390 848 0.5360496882500947
174 415 848 0.676351321797038
174 711 731 0.009607643919226416
175 223 326 0.8289116488510855
175 738 383 0.8687061581059783
176 786 716 0.4467987697557808
176 556 183 0.013305619288371706
176 310 764 0.5217181156711657
176 311 464 0.1843957361043589
178 626 476 0.3513939649449278
178 34 491 0.2540515364093716
178 519 883 0.42480079628830825
178 487 666 0.9656338661844371
178 755 148 0.23434706383345627
179 657 424 0.3667048543013669
179 36 406 0.6633602164676466
179 379 399 0.9046054943046817
180 404 128 0.35390488841814727
181 135 940 0.017074017447323064
182 838 811 0.16054430506507888
183 293 568 0.3234314630990115
183 807 195 0.07810263544605289
183 830 336 0.4315239521756111
184 921 629 0.5815188681041558
184 171 948 0.7401827630942068
186 249 753 0.9948615128480278
186 245 382 0.9394007494056459
186 346 763 0.7009604866905464
186 50 557 0.7796726925608087
186 232 397 0.16306346673152217
188 27 685 0.21568622595885556
188 816 968 0.20609281704834503
188 337 493 0.818070677276408
189 76 59 0.0585520624057978
189 351 124 0.28027809944457993
189 422 302 0.1693280669763888
189 150 565 0.8337290864360656
190 263 726 0.3469815998393676
190 594 957 0.005952680884288797
190 587 448 0.2311859549493227
190 265 500 0.44782918349940815
191 864 399 0.0010147832153171166
191 433 153 0.5089552183774051
192 602 156 0.7873132704773292
192 352 476 0.3966010329760037
192 864 293 0.03604111894792106
193 864 377 0.837451391672568
194 224 716 0.05124488452578446
194 254 699 0.6894117369891378
194 808 511 0.5968305760706947
195 752 5 0.6143986250587835
196 592 907 0.5841774559655049
196 703 418 0.48423755726111095
196 507 218 0.47314442205517326
198 276 801 0.8829223397603003
200 554 429 0.856712232488703
201 718 933 0.22107887571456775
202 430 790 0.7811067476990051
202 577 786 0.8670776328519249
202 475 166 0.7488265947542585
204 467 373 0.27540474615759836
205 14 437 0.7216588898175885
205 706 924 0.749300818154665
206 809 494 0.2251015877322795
206 683 744 0.03987517031002752
206 776 631 0.44549912649491585
207 385 88 0.07483337152390124
208 167 993 0.6794367998647454
208 257 261 0.4802276720822549
208 437 215 0.11090863138585438
210 736 737 0.8492056629032122
210 902 714 0.19811698113530762
211 265 309 0.3138179145169391
212 562 943 0.9008903958491431
212 432 198 0.6272340938301505
212 533 890 0.769791906189269
212 374 320 0.6337558371541948
213 923 39 0.7411096117217321
213 566 731 0.23711863725208548
214 653 267 0.2534209017651433
215 432 384 0.32194494000472773
216 301 18 0.35615618566224594
216 670 923 0.4120537919208651
216 812 443 0.8757187691105032
216 249 53 0.3159150456050688
217 31 820 0.37432326323912046
217 785 920 0.4393713767924021
218 284 627 0.3777772692115128
218 131 459 0.3992938539031907
219 163 884 0.16775988416845888
219 311 921 0.6840677992704317
219 619 271 0.30702438342820004
220 694 4 0.5825969094684661
220 958 579 0.19666213809177024
220 558 192 0.5875702528900975
221 754 844 0.4061934075258805
221 537 763 0.32361933362260875
222 816 699 0.8048659329424441
223 69 797 0.18280846923814642
224 353 938 0.3490292042117632
224 370 390 0.32407386246545944
225 924 474 0.48293483448144137
225 601 583 0.8811443218311946
225 728 786 0.35757599118824346
226 309 575 0.160956153209994
227 337 581 0.5697570210626098
227 518 597 0.5444058528250079
228 702 611 0.45025948450715303
228 287 142 0.9107124980594883
228 830 281 0.2749550632123161
228 40 192 0.05628768299282316
228 18 925 0.7022498341363683
228 507 965 0.22688860403609246
228 43 75 0.2725952421311939
229 561 311 0.5081563330893875
230 509 717 0.40741035258251745
230 399 430 0.6584756157118717
230 802 772 0.923516287711052
230 404 881 0.9687407954273433
231 592 111 0.37855655211354067
232 867 612 0.5353896434560144
232 379 233 0.3787473083625178
232 178 746 0.7907934952981411
233 744 531 0.36457594403568205
234 358 849 0.5044593491910946
234 902 549 0.20017707164688014
234 911 343 0.2787537687984949
234 523 862 0.15930600012767504
235 94 758 0.7579713957056551
236 419 579 0.3644277661121149
236 176 339 0.9478725134349192
237 122 190 0.19382289112650897
237 812 586 0.8148269470302015
237 644 567 0.8410659272317166
238 983 820 0.9267729128152388
238 338 696 0.5794253174514159
238 728 242 0.5407692748396896
239 920 676 0.895064833883494
239 370 802 0.6765136625267032
239 981 38 0.8844953579708746
240 780 857 0.1349787880071932
241 261 421 0.9076351893928585
242 391 996 0.4270711063666064
242 700 330 0.5782958919879516
242 819 853 0.6960307047168092
244 23 284 0.8990539781127568
245 162 480 0.9543933933257727
246 597 319 0.4406537239824396
247 702 456 0.7179657406692886
247 712 30 0.5973036965225631
248 682 29 0.41224409065492484
250 414 981 0.8474955139964625
251 707 35 0.6593784458047028
251 103 489 0.9265959539850867
252 585 479 0.551755941567411
253 203 580 0.9035791111455408
253 881 394 0.6359915865633254
254 420 484 0.20728789098595346
254 520 406 0.41239303479659406
254 346 389 0.30751524631994387
255 454 1000 0.09488706765588317
255 800 835 0.325831929519138
257 636 98 0.8317175720230102
257 8 608 0.932557907865133
257 103 176 0.04950810579605969
258 816 812 0.32357031334093234
259 43 340 0.19586198570832136
259 498 504 0.10893086572113309
259 672 342 0.9299316048477664
260 776 156 0.06043412808172288
261 296 605 0.16643581406441132
261 345 735 0.484198939003343
261 485 209 0.48701808985988704
262 643 921 0.9137881740189707
263 495 525 0.36641660229456663
263 807 114 0.5878778953465619
264 292 922 0.6983635473607296
264 374 419 0.7247207320142218
264 459 542 0.6733852484348438
265 512 590 0.5842651254646184
267 940 899 0.897495036974131
268 350 809 0.9573495539205759
268 594 262 0.013915992234710406
269 218 171 0.4320553765686179
269 559 536 0.038284180871885454
269 225 213 0.45064141768694954
269 70 89 0.7839154015331681
269 502 522 0.5955188414005284
270 517 1 0.36209456111284377
270 650 154 0.42927696770339685
270 962 988 0.1920295837126761
271 22 787 0.2695904518559701
271 687 559 0.049226653222193995
272 679 436 0.5636877221326296
272 811 715 0.44266624623367246
272 207 690 0.825149665561988
273 129 457 0.796227995321042
274 216 239 0.4651001718960093
275 556 168 0.025229447141582262
275 753 166 0.8222767899099075
275 780 452 0.6311026228425877
277 72 79 0.04045547780369663
279 357 25 0.2946724253150368
279 77 76 0.5715169172298225
279 605 940 0.19504726498371827
280 337 76 0.4033847231025367
280 862 600 0.4818040581074148
281 764 877 0.16136934819555793
281 496 450 0.29857538335306677
281 476 594 0.6783010481565142
282 41 943 0.4006619852775335
282 898 319 0.39403532700268995
282 623 145 0.7530539205692056
283 383 293 0.19015863553168766
283 75 844 0.3951158048416008
284 498 602 0.7881939677017232
285 249 67 0.11600008217161151
287 970 953 0.6533002673636769
287 333 227 0.18871341298609734
287 678 830 0.040465269160336326
287 301 663 0.6293358624116687
288 508 403 0.6446870678553027
289 789 42 0.49525472183369057
290 691 532 0.36305156218559065
290 75 237 0.3531668483293693
290 598 456 0.5235055513550029
291 501 725 0.9494594595867021
292 154 950 0.8910628801532214
292 100 169 0.397400062421828
292 577 985 0.701300526169899
294 985 177 0.9532101984617042
294 887 48 0.4888942500703951
295 918 550 0.9153710594237588
295 864 659 0.5433667096134547
295 307 258 0.32871145736162066
295 417 854 0.7859048408496315
297 694 272 0.31231596196100797
298 994 329 0.7034713223665324
298 956 316 0.7159625870736291
299 256 159 0.02091859604887858
299 197 599 0.8607774820012233
300 931 674 0.6332083408611003
300 260 667 0.8523457697069264
300 28 539 0.5177508985633479
300 911 260 0.3171885255181919
302 847 541 0.9694499366339326
303 568 684 0.27938932239347736
305 875 806 0.042321274115876606
306 202 728 0.23789040938922912
307 742 56 0.9368956192809615
307 7 657 0.8089557434610546
307 684 427 0.84350468681383
308 885 835 0.08769728813566502
308 973 321 0.3319450953800691
308 428 549 0.013547494220376377
309 140 287 0.5833711386889386
310 703 815 0.10125634794946359
311 434 806 0.28661686655917973
313 237 750 0.23019277501908275
314 459 183 0.8735595022832893
314 787 218 0.5666389365027577
314 863 354 0.9746883646151202
315 434 167 0.5453574046269374
315 192 952 0.87530768918874
316 855 739 0.44399083435876197
316 454 853 0.49526492735889505
316 498 438 0.764281090985583
316 587 800 0.8367742944999109
317 355 208 0.6020868145671465
317 5 891 0.9563551111065657
317 707 611 0.9585728544877838
317 987 889 0.8994679849446274
317 307 986 0.002621162087485307
317 114 395 0.8939053058680326
318 475 656 0.47179178129239474
318 545 662 0.1562840347118084
319 754 314 0.045549268983627655
319 330 778 0.16582464153194731
320 398 182 0.6090980012772745
320 438 324 0.5113379620023097
320 952 418 0.48549403554922177
321 136 688 0.7007256936343388
321 160 720 0.40695309191754225
322 866 707 0.10327191529730784
322 909 332 0.6132893137706382
322 401 946 0.1790345695457598
322 311 601 0.6108148318214708
322 136 760 0.578981382305376
323 440 54 0.2762971754330411
323 560 807 0.9349379478906723
323 124 314 0.37802063835836575
325 878 465 0.4292493258993947
325 853 483 0.6802068264362765
325 466 930 0.5116091712246519
325 511 387 0.7071263335474934
327 887 12 0.9625593040952488
327 824 265 0.5520929182779569
327 918 43 0.6129576588800003
328 223 835 0.7379111137364551
329 24 211 0.43848705890619255
329 30 855 0.6134860185111153
329 309 660 0.8925834811592436
330 434 852 0.9100902569132927
330 644 324 0.3260202567098698
331 13 886 0.695490414704213
331 571 766 0.08035396988930443
331 452 322 0.40782258799034443
332 208 872 0.8326068532978269
332 712 523 0.09829069306336691
333 487 963 0.7451272011615775
334 968 735 0.21116004590578086
335 886 22 0.3405199531633415
336 609 22 0.6952632885375641
336 39 227 0.8023524964428824
336 931 319 0.502567475750878
337 168 219 0.5605617357048859
337 969 821 0.4283214428870854
337 614 272 0.30810253930490283
338 608 440 0.26484586761880136
338 904 573 0.24878933309998275
339 415 504 0.8711109621775653
339 871 189 0.32995688662289646
339 719 792 0.992836252279527
339 921 227 0.5417528800242338
340 434 81 0.07081597207893864
340 794 944 0.9964524184246055
340 829 281 0.7085382944576891
340 808 43 0.5759170978043042
340 947 327 0.5953761743836125
340 807 262 0.9391779359781574
340 701 696 0.5668627303137526
340 662 217 0.19343949009533723
343 236 403 0.6454932087551498
343 621 256 0.7100683327698019
343 420 68 0.6681612759111839
344 19 656 0.8071807059068302
345 267 726 0.6659884576631049
346 651 63 0.24705068192701496
346 994 974 0.09598936496725552
347 744 704 0.12040414453292902
348 503 941 0.7060782013055091
348 929 645 0.4710638846176034
349 401 24 0.506386251399435
349 432 437 0.6023061807750903
350 983 806 0.811033956277133
350 414 138 0.42881103069637105
350 728 980 0.7435038449162851
351 664 885 0.09993819964746276
354 988 579 0.7679333699082079
355 687 247 0.18780462379577667
355 577 996 0.09889800948672
357 215 734 0.27848439459374963
359 54 262 0.12410059444510979
359 705 968 0.33539089173507997
359 755 167 0.1718467124064239
360 603 469 0.934293145220759
361 708 566 0.284482348613894
362 690 109 0.5620765696597292
362 135 113 0.8463278305955781
362 807 784 0.7119480216464268
362 749 3 0.367237315969992
362 832 62 0.9280041116100224
363 755 505 0.25278430628756876
363 220 730 0.6113491388173532
364 274 404 0.844020732128512
366 186 936 0.954079957497549
367 162 355 0.21634848017389097
367 76 368 0.3607046956277421
369 286 829 0.5367177900763404
370 957 802 0.33528205054484694
370 180 463 0.6737117765393265
371 152 238 0.9008064484025703
372 930 56 0.38613902725653426
372 96 343 0.5977496189649826
372 176 148 0.5934273774031148
373 787 304 0.6738617164999238
373 772 958 0.37638049409741436
373 506 330 0.34272944529502547
373 931 497 0.5271970761644357
373 921 93 0.5909206273534924
374 813 549 0.2189756487240826
375 954 151 0.1691347748745099
376 244 137 0.40073007512077086
376 552 180 0.6956812764500446
376 153 562 0.32171509026605427
377 954 711 0.555862664821392
377 411 168 0.6387325090708605
377 802 315 0.6166197555780287
377 728 996 0.298330651134754
377 741 505 0.5323636584793455
378 973 209 0.8047103662833817
378 856 620 0.9796567326817435
379 751 798 0.9030141369107001
381 338 271 0.6536439298853427
381 64 72 0.36705801156565165
381 613 817 0.9855367782524322
382 399 490 0.8394419827375816
382 599 110 0.9592470080467682
383 884 731 0.9199116467036762
383 137 510 0.912065563629535
383 880 757 0.39901723146132173
383 328 788 0.041708464235565734
383 598 331 0.17265823055789276
384 873 43 0.2491479269953436
385 484 390 0.9236139987274862
387 434 126 0.21432519697569075
388 735 912 0.740073454687947
388 709 194 0.9530456253026247
389 932 634 0.5896852477542532
389 69 864 0.06747841405932131
391 365 299 0.49249960147210714
391 135 335 0.8692623383629507
391 495 837 0.004583745612049217
393 608 773 0.7620149858651121
394 268 527 0.6283190575156365
394 88 545 0.15324380747202027
394 919 10 0.4202257750850825
394 997 869 0.6127199485236119
395 891 273 0.8821352058669569
395 831 527 0.022015240426516924
395 295 471 0.2754333856945943
395 284 996 0.8558176012121365
396 164 71 0.25369385993188776
396 264 845 0.46289189059883296
396 427 683 0.014481218159012488
397 77 218 0.5890781456709552
397 301 254 0.4798734441379845
397 676 764 0.2247151600392392
398 722 844 0.3827682622871894
400 837 880 0.0161347583149829
400 909 493 0.4215369883821729
401 488 141 0.10581222650917188
401 509 863 0.31771736345802404
401 308 317 0.7474380657422636
402 735 756 0.47696623229430224
402 190 165 0.41121209686720084
402 565 855 0.27560621276057895
403 11 682 0.7562438690419232
404 979 633 0.30250520542726445
404 253 247 0.8341781565946236
405 513 139 0.46969903150921755
405 841 15 0.8300021340713211
407 375 495 0.4367925717877792
407 664 518 0.716006869845115
408 443 21 0.6820261192266779
409 505 658 0.8036700810721491
409 667 295 0.9721493080848103
410 566 399 0.7701082701722101
410 559 702 0.1723793078694007
410 54 359 0.3971861849227105
411 746 233 0.6472361642648122
412 671 957 0.3916541895186696
412 939 374 0.8525442464643942
413 46 73 0.475754412002804
413 479 647 0.8680233523732598
414 117 751 0.30784499738432114
415 994 479 0.8199819296786329
416 972 594 0.4263757643063858
416 948 798 0.6648677763686822
416 716 243 0.8109124921489314
416 736 79 0.4751495585489478
417 20 871 0.020242882833724996
417 975 937 0.21792470556676002
418 628 987 0.3229702777335013
419 546 422 0.640239606083211
420 598 529 0.5457167392241652
421 102 274 0.6743370481119934
421 334 625 0.2561656612423313
421 726 192 0.5238894181576883
421 724 865 0.79538614616394
421 90 733 0.9415263061843347
421 218 383 0.20513783711019218
421 439 328 0.8006380313211015
421 224 445 0.0911360323211623
422 749 210 0.6208767723262731
422 155 94 0.012120970390760766
422 41 638 0.4812912086745095
423 574 443 0.11877588855760746
423 876 423 0.3291252405666216
423 705 792 0.8550432944690065
424 108 871 0.25826057852913864
424 450 726 0.3555554922462987
425 327 253 0.4513113323678942
426 750 525 0.7274811905439189
426 70 676 0.8618150600165793
426 789 588 0.6688355026566473
427 332 869 0.7293034662825338
427 568 239 0.9359711761957472
427 970 278 0.9284934929458626
428 311 630 0.9475383230462138
428 360 375 0.31705704239361354
429 194 324 0.8316093502099435
429 917 939 0.05804864290440914
430 279 536 0.04559964763289348
430 77 318 0.5911340760227786
431 476 971 0.4343208224983478
431 755 524 0.33714329955458766
431 646 18 0.020349430623889497
432 48 602 0.340532167830639
433 341 6 0.7606671016235449
433 30 190 0.6212586449930176
434 829 497 0.7526634759244092
434 130 241 0.35667601224865453
435 248 730 0.7281604233420779
436 202 944 0.7724564310977008
436 867 307 0.6081507317017771
436 544 799 0.07293321909752182
437 150 327 0.3628012053857277
437 25 927 0.8272808490688073
437 190 950 0.09798237486363515
438 746 898 0.28190456351191273
438 362 413 0.7347145881643952
439 402 332 0.8945386935840454
439 806 958 0.9635819969459145
439 804 791 0.3326660087745469
440 86 763 0.4885377101696018
440 895 303 0.8398288105040347
441 235 448 0.3552235823133526
441 567 966 0.3895003372409547
442 701 562 0.8686411583017049
442 264 316 0.3766877051030757
443 267 995 0.29752916950884967
443 289 44 0.3945666829197908
443 732 207 0.5011978906687228
444 470 342 0.8601551500964397
445 592 937 0.2871983122348156
446 838 750 0.5578688506529484
447 122 44 0.25855846731737486
448 450 246 0.9297330525000793
448 28 239 0.33172182891179347
448 659 970 0.9214904262104056
449 963 154 0.04216944675112222
450 584 804 0.7244029546392253
451 314 31 0.5827473722425108
451 321 564 0.4530495829909573
451 73 462 0.17348071116167663
451 915 352 0.851016829860712
452 470 852 0.12387329342154507
453 11 641 0.6997072514280226
453 520 472 0.15241908794460735
453 716 888 0.8565904504308594
454 702 187 0.3764592043115922
454 432 204 0.8618305754897003
454 599 666 0.18461151825055633
454 760 69 0.2521064267805708
454 261 42 0.36577274012963557
454 807 766 0.4870090090762318
455 212 654 0.8700556523085399
456 30 356 0.9801813498297984
457 430 818 0.5205635282715615
457 444 841 0.8271870782766917
457 946 464 0.11106283156316943
457 958 654 0.8127851032974746
459 651 242 0.308004750789979
459 473 572 0.523938712325619
459 245 956 0.0814757881663134
460 76 633 0.7584177761180266
460 427 925 0.30858874028300776
460 881 12 0.04221804693143061
461 428 395 0.41518324673827445
461 749 617 0.6402229605491008
462 708 110 0.04888440975682118
462 335 912 0.06166803504228702
462 107 185 0.4293188032288382
462 785 799 0.5525274357821235
462 929 696 0.6839191347553959
463 809 857 0.8882595032116353
463 800 683 0.4022332040461033
464 657 945 0.9286522280918215
465 103 39 0.6361857336564307
465 444 509 0.11107644066537892
466 869 61 0.6391049415846517
466 910 593 0.9727409084915966
466 511 794 0.24997912597471894
467 458 777 0.6583716977047334
468 27 454 0.25339244195875277
468 67 165 0.38413961047576295
469 347 14 0.9214354329352402
469 878 896 0.6760385542294234
470 327 578 0.9629247878018113
470 985 997 0.47196709764986
470 521 232 0.7274444557067313
471 426 84 0.5097623171730479
472 352 397 0.10997478677049732
473 975 641 0.8379058610596055
473 431 808 0.4741886090798374
474 61 937 0.7769249617789032
475 201 609 0.6957615348990565
476 352 654 0.4966404969678214
476 540 780 0.30973507268946576
476 398 735 0.8894825766121506
477 142 720 0.23058145122975116
478 149 893 0.8261354970083904
479 974 605 0.8272150052687276
479 332 514 0.8334082300167801
479 697 877 0.36210699861717355
480 520 996 0.9928813540114492
481 448 654 0.41029308640700624
481 666 917 0.5303424935659881
481 296 837 0.6999710452422384
482 946 14 0.42160314241816477
482 209 698 0.5711611949726543
482 399 840 0.8508291006658113
483 230 899 0.09825832133683976
483 953 246 0.9146230230578856
484 430 234 0.15562561000428643
485 795 291 0.09450397136909372
487 300 774 0.47367298294305094
487 661 848 0.736472598347402
487 193 360 0.6312791512487489
489 769 65 0.0156344204363541
489 253 173 0.6905994482519361
489 994 888 0.7743249024785918
490 99 518 0.8662782915876098
492 48 823 0.7221664175146328
493 622 373 0.649809177861474
493 327 635 0.7356149831696918
493 576 450 0.6096044330555891
495 12 715 0.5196461715281898
496 279 996 0.6112172049822576
497 107 924 0.7760013526958466
497 825 719 0.20002756285532464
498 148 311 0.1210250148052836
498 516 908 0.5910901505705797
498 623 970 0.4362400815446984
500 493 560 0.26111457392439075
500 921 369 0.21920879979961727
501 197 343 0.5418816420985647
502 186 577 0.4323133573761879
502 66 761 3.459409925077317e-05
502 763 343 0.7104713263648842
503 333 501 0.20663410393014814
503 839 126 0.4250901234906681
503 858 391 0.16778939447104613
504 491 760 0.20267370031773568
504 890 646 0.8523220431639428
504 30 937 0.3166854092106808
504 321 515 0.8132651586385765
506 168 507 0.21475517001138122
506 664 160 0.6375009411769629
506 475 323 0.713686441699395
507 79 388 0.8538727468268631
508 690 288 0.3172844512451648
508 118 194 0.6073790272571715
509 566 146 0.3275666972015502
509 283 397 0.06669574029603764
509 142 294 0.969011698867618
510 111 270 0.7428422662360755
511 480 377 0.2141035333279927
511 642 184 0.535956954353737
511 209 914 0.5646327757633586
512 131 174 0.09002840835348558
512 822 681 0.39189026568806407
512 837 497 0.13382556105572874
512 922 30 0.8407781313923312
512 382 839 0.30376787110793846
513 900 795 0.7480231312443502
514 289 130 0.9476153546859036
514 339 533 0.8398712191568908
514 898 464 0.14622717765144044
515 691 504 0.9473747050538682
516 673 662 0.4596612493597152
516 425 590 0.9142361874557611
517 830 422 0.33579440687661155
518 674 416 0.0444276394675156
518 734 196 0.515967324427202
519 832 559 0.16962051320617222
520 897 973 0.0002054479802269249
522 707 452 0.8888590991598911
522 710 100 0.5198496279928614
522 292 351 0.2524915643457193
522 546 924 0.6818427126885286
523 46 626 0.18183474340033745
523 723 8 0.0010427708459987972
524 779 540 0.6032754373225729
524 117 803 0.7689945549705834
524 783 616 0.03460997367738339
525 708 493 0.7013698898749726
525 772 335 0.07408854892423822
526 278 959 0.663110924836735
526 226 825 0.8313286772227713
527 764 535 0.4358029897156318
527 684 431 0.21805256204115264
527 538 180 0.34191832438430536
527 765 69 0.6285522223500238
527 973 201 0.41925452159187115
528 749 238 0.4622843531286107
528 584 991 0.3527433531244968
528 984 658 0.834977978540142
529 147 683 0.5771259922090575
529 578 593 0.3358921404245302
529 681 370 0.7567902680766045
529 851 899 0.7724907512108796
529 954 377 0.551093406419947
530 938 35 0.9057156778541877
530 72 959 0.4475796630540134
530 732 70 0.18373462129726215
531 937 61 0.48696558403795465
531 637 487 0.23948385565043295
531 974 76 0.08110197161031907
531 464 543 0.3834528648183071
532 819 962 0.33609068741187875
533 230 447 0.35856673791393534
534 276 247 0.8722799804403462
534 449 172 0.6415211580366119
535 857 109 0.6010092242593218
535 871 709 0.8609539017340727
536 610 271 0.6377618139881956
536 15 296 0.48009411999812346
537 99 475 0.7300411307639693
537 184 658 0.27017187212986216
538 207 875 0.5719738132387091
538 578 495 0.6863172655408611
538 66 361 0.12187656246842904
538 197 166 0.6909425332655219
539 576 580 0.9598010113166296
539 456 884 0.13577138461520233
542 329 715 0.10601634549150696
542 214 118 0.4863686097674068
543 915 114 0.7529788515485899
543 157 449 0.2975532461633331
544 333 635 0.6753343147299732
544 63 703 0.8229992778626349
545 305 38 0.9587748048778616
545 796 773 0.7048890698434891
546 47 6 0.5813118374191889
548 587 417 0.4780415296174173
548 304 917 0.6449177067666505
550 74 250 0.000983587411862219
550 995 821 0.21849107118854771
550 121 728 0.23558024558553559
551 710 791 0.14912207117155873
551 450 58 0.8780790183400282
551 434 837 0.5709639491289857
552 350 655 0.6268528706382952
553 87 803 0.7990103555408474
554 295 172 0.7804547026929252
555 596 717 0.6667063424482206
555 273 119 0.8658905344839292
555 539 705 0.7680075038459204
556 639 985 0.5690047426342386
556 183 913 0.43764618520543863
557 642 197 0.8825718414840583
557 725 99 0.3286128806292228
557 935 734 0.35050729533910585
558 511 610 0.11739136430262209
559 500 802 0.08958027119380707
562 469 736 0.13805315992243838
562 956 797 0.18668610913312
563 206 995 0.87949329629789
563 67 673 0.6861719590342233
564 655 923 0.5261676217787093
564 815 278 0.46697440028416826
564 480 246 0.34186581265636284
564 519 907 0.1612879376769515
564 638 974 0.06914265851786028
565 173 328 0.39005200188707323
565 605 468 0.30041950170807297
566 191 165 0.11306354814687591
567 213 740 0.8086552928616572
567 37 365 0.2579445658652382
568 685 253 0.3986123403411913
568 752 580 0.6311617253125738
568 724 288 0.17239199223235713
569 380 294 0.8180144232088207
570 732 55 0.8439358131961694
570 280 699 0.3545980002437832
570 545 783 0.23383010072256183
570 432 996 0.8195894158268611
570 970 398 0.6295672647135323
571 984 490 0.7566593887294818
571 171 550 0.7646507912028708
571 861 44 0.07255032932996064
572 118 346 0.9152319635776631
573 507 946 0.6606392681656136
573 713 980 0.8094169637061758
573 860 96 0.647318127768677
573 783 439 0.983385498991077
574 256 935 0.9442968114586977
574 26 268 0.4359128791891561
574 622 406 0.013967903296578266
574 677 90 0.6481469335872116
575 642 603 0.3095540213980932
575 255 384 0.7779149707331086
575 286 248 0.4539407557186057
576 578 252 0.34913371334352106
576 42 869 0.6829009052270625
577 399 738 0.5319551919198271
577 131 921 0.11812892794297736
577 44 425 0.2719138968184327
578 637 785 0.11360876069794368
578 57 18 0.9346101402080428
579 446 478 0.7471745082518028
579 127 77 0.047439916319365505
579 683 980 0.6154345513358827
580 241 479 0.6835157927843304
580 771 946 0.8363354568912152
581 299 311 0.5759302845712915
581 845 782 0.6650762590004838
581 105 799 0.6544751850916264
582 909 182 0.06905788289409798
583 545 848 0.7949849813755263
583 190 555 0.1494621547088757
584 206 357 0.06717823961158176
584 901 177 0.4752969572622532
584 576 816 0.5174662617392062
584 845 146 0.6623057998746378
584 990 940 0.5452589086516333
584 66 256 0.27532319164828734
584 862 456 0.6338503968079463
585 696 602 0.3516302421184301
585 548 229 0.9396843585728784
586 86 906 0.6878719407945495
587 375 689 0.6924283908606129
587 521 109 0.8162032768726913
587 907 292 0.3435916665043557
588 953 217 0.9207368887008592
588 818 990 0.17612494923976096
590 476 987 0.22452487366277052
591 186 689 0.14375712746321168
591 234 155 0.7460445023919936
591 815 298 0.9295842042213984
592 157 773 0.040792419297752125
593 430 959 0.610087830058691
593 303 48 0.3153081100695341
593 383 598 0.15337097639157538
594 411 49 0.863014436776572
595 400 448 0.6419127024598417
595 847 629 0.11996717345735264
596 808 600 0.35038314902687495
596 831 641 0.08441211395494008
596 861 480 0.583280675561084
596 137 764 0.3614043854614688
597 783 552 0.3274654360296956
598 230 685 0.3161818928808189
599 516 694 0.1414822213500565
599 907 517 0.32927951032375213
599 889 324 0.43934797070233667
600 111 209 0.07678663975703526
600 291 549 0.3226399711599478
600 454 704 0.41625906405085245
601 254 622 0.928539809217237
601 976 173 0.5499269038860607
601 635 52 0.36512637899141864
602 444 326 0.2915021789793244
602 780 895 0.9888721781385421
602 556 193 0.5802844021345105
603 804 147 0.9467217102899049
606 435 266 0.14766529126809014
606 827 697 0.5535754042067549
606 755 432 0.4611763953081145
607 86 762 0.0859513703827185
608 213 466 0.4009964465088329
608 858 923 0.512147795785659
609 78 404 0.218132262886912
609 283 200 0.11022718871760806
609 969 954 0.2237625980600434
611 90 355 0.08009803106546443
611 695 748 0.5730029798898819
613 516 396 0.6456744163778297
614 883 735 0.03772935660572341
614 258 435 0.6996513354268526
614 367 70 0.7761185311106752
614 101 101 0.8318267941157778
617 197 17 0.14960357392438828
617 50 890 0.14166807684011107
618 925 523 0.509644742653247
619 875 766 0.48919765359530487
619 592 697 0.004751751103209467
620 748 793 0.7878733132166179
620 866 213 0.5831734985380143
621 823 546 0.2671196450282812
622 752 875 0.2645396787834814
623 726 177 0.4528983211631331
623 928 119 0.9967649228190124
624 395 859 0.9875697968298851
624 908 200 0.7812094166792646
624 945 413 0.7787896111483132
625 270 56 0.4882719606457423
626 534 936 0.8561824030530394
626 535 207 0.5799353276661243
626 444 206 0.47132457791223925
628 443 887 0.39329177058597264
628 232 353 0.15808031913310772
630 283 978 0.24595649746582937
630 876 38 0.9406096666194349
631 308 112 0.39707346676767863
631 520 908 0.9673670434531711
634 812 840 0.539713899721367
634 585 980 0.07151220149015802
635 7 151 0.5231004929639312
635 711 996 0.20039627716385822
635 970 713 0.1728813169562975
636 63 153 0.6463865427028316
637 313 453 0.48744505502821245
638 544 634 0.44299449015728876
638 907 245 0.36706606654527507
640 309 972 0.08019304422175622
640 460 91 0.5198384050342633
640 143 310 0.8346961852538497
641 6 641 0.8738166192780583
642 615 125 0.5137245298487189
642 281 931 0.2000672021539096
643 636 734 0.916620936681092
644 5 633 0.7014210018416481
644 411 262 0.1693849533201005
644 847 618 0.13282657887520366
644 572 767 0.573536843041201
645 615 259 0.45768666579045536
645 92 389 0.6991911870097199
645 730 463 0.18008810336035364
646 594 714 0.6608986528295023
647 418 198 0.44787351711030265
647 407 252 0.3598038327086699
648 687 542 0.12966940371186886
648 490 834 0.5713943637518679
650 36 142 0.12667711465245735
651 796 426 0.9755252631980158
652 100 483 0.09866788301832108
652 383 196 0.8919800029213073
652 794 657 0.960925141894857
652 777 424 0.938918115814899
653 393 219 0.7132185824451012
653 540 778 0.3009042288215432
654 490 219 0.46269819300681647
655 745 300 0.5773044108402997
655 552 769 0.1201130325669828
656 524 937 0.9236111457262464
656 383 563 0.6870792469216995
656 972 840 0.622760311484873
657 323 558 0.20674146531779003
657 180 256 0.9177270594352456
657 17 881 0.6051092820873212
659 471 900 0.7927625202191869
659 281 191 0.7729980478501308
659 924 929 0.04957044714952863
660 189 190 0.2732778367826053
660 48 428 0.18957115223208354
662 184 668 0.29213012457133314
662 175 576 0.6163231513916831
664 132 973 0.04653172242397097
664 938 804 0.5459130171633219
664 447 129 0.8902580014863252
664 41 766 0.40830511498731803
665 728 782 0.16790256447369079
666 199 850 0.5245838080059151
666 461 794 0.5812721580381076
666 139 175 0.3288087196746261
666 127 462 0.8206813848411498
668 551 304 0.7529631545052187
668 939 492 0.7985363184110637
669 520 833 0.4233039960594758
670 326 307 0.5407741183002513
670 505 295 0.0128195735010318
671 729 961 0.4903973506553827
671 17 58 0.2510792414987977
671 450 896 0.6665243363644054
672 13 789 0.48730065375908604
672 28 232 0.11128198487443641
673 507 153 0.19785374074171014
673 608 194 0.15475289812089066
673 736 710 0.860945337741593
674 488 962 0.4276057605238899
674 220 386 0.3033319986324624
674 315 348 0.2851937506639368
674 93 138 0.3501717076391271
674 580 830 0.2824580917747428
674 549 258 0.7715878347360544
676 829 509 0.946868136619855
676 992 707 0.43061133557734
677 558 456 0.4205896756869494
677 715 253 0.15091740566764034
678 715 898 0.18983622547516643
678 28 794 0.33936575831159077
678 855 211 0.8157852875185116
678 901 563 0.7627305960051941
679 413 192 0.3930590877900274
679 405 725 0.5417550778165956
679 860 79 0.6662162511109889
679 373 814 0.4773900208925692
679 309 346 0.5284750236391096
680 59 15 0.21028493513191038
681 697 659 0.1567761166618562
682 130 521 0.28508070258675733
683 289 769 0.6470977084184818
683 449 807 0.7437470234458886
687 321 506 0.2458389184420906
687 843 542 0.7791452926059529
688 749 829 0.660061446280617
688 62 423 0.8944753261376943
688 522 86 0.8285150448589662
689 323 662 0.2022685146004547
690 772 157 0.8134001403266868
691 111 957 0.12292902303139097
691 870 830 0.42375802397943785
693 568 639 0.8972290383238802
695 276 132 0.483551154363152
695 915 880 0.8648064305637437
695 989 489 0.5854054920377358
695 77 700 0.6138692184885846
696 805 600 0.8308890224376524
697 434 680 0.8772032689192394
699 189 154 0.08990913656373489
700 158 247 0.4290222815049317
701 84 205 0.5867811225209413
701 296 262 0.1663185758628445
701 48 546 0.44428061100185046
701 244 384 0.9589912003064794
702 968 356 0.5133563993559618
702 27 392 0.3236155141695374
702 642 507 0.8290290262908259
702 891 181 0.25202936735490045
703 772 211 0.9796926587551861
703 965 849 0.7218204232087383
704 657 984 0.878657197014422
705 457 886 0.7174144401917391
705 888 61 0.7707248627155957
706 854 99 0.7438757107504395
706 136 718 0.37120171734587726
709 180 252 0.5496034691421752
710 646 319 0.41295207600151806
710 600 635 0.8267158299020856
712 3 390 0.8725088786344706
712 877 849 0.5742390595665955
712 662 970 0.5651801781027447
713 93 855 0.9169809182090188
713 546 116 0.9984609859709683
713 666 608 0.8291680227397448
713 353 437 0.5435355880267627
714 489 742 0.08516676173781335
714 892 288 0.7749374629495712
714 672 709 0.24964772713644445
714 826 619 0.5827419431614033
715 132 485 0.3656353919225567
715 385 693 0.46458816816569615
716 7 564 0.3706573728634247
717 409 231 0.23896637213208616
717 34 351 0.8068104128853503
718 494 691 0.2154660854375131
718 874 586 0.04119906604862744
718 491 957 0.20684811690979643
719 2 264 0.050021164424633
719 649 204 0.028692342392191095
719 125 494 0.8790126935026519
720 100 266 0.646253782005764
720 957 942 0.10947609243013279
720 280 773 0.5901850051913012
721 491 129 0.8171841670763803
721 825 818 0.057712644590423356
723 198 911 0.23065239757692102
724 857 214 0.7095649410973273
724 612 932 0.8772797565586848
724 234 967 0.9580055870471376
725 712 823 0.8873564015842524
725 443 753 0.3787656142931307
726 935 404 0.7607829909114794
727 123 432 0.7701064721835345
727 608 679 0.20761372466880623
727 850 658 0.6854008533753669
728 455 968 0.8435073873121339
728 726 33 0.131547359757899
728 361 321 0.13772276174280973
728 81 60 0.8067366598835188
729 376 852 0.3351722151203481
729 588 482 0.06344897826399554
729 880 457 0.5513827516847671
729 554 98 0.6063219247878828
730 596 971 0.1726950665259145
730 745 849 0.5700855271955542
730 307 650 0.5555853255927842
731 396 574 0.9759393807230825
733 955 137 0.37313716356062754
733 346 832 0.590987611090567
733 438 517 0.17701769632426034
734 186 949 0.29433874707482743
734 679 685 0.8465708965987223
735 7 2 0.05301511855756813
735 351 754 0.5830560556855159
736 46 126 0.2052715261931054
736 327 178 0.7395575791303818
737 282 54 0.5775322853856348
738 761 476 0.6035267317949723
738 868 280 0.5965886539952423
739 22 946 0.8628537223501654
739 710 314 0.28473300483080366
740 245 530 0.8784157131406831
742 613 805 0.6615638791358252
743 402 378 0.8940259742953165
743 560 394 0.4916473793950811
744 417 126 0.3894133474146263
744 55 672 0.721453037624412
745 299 746 0.38167371745499834
745 202 252 0.4705568068214182
746 631 188 0.25018950332130796
746 647 587 3.074920462298181e-05
747 699 827 0.9107594861014178
747 764 501 0.8208527589305152
747 753 713 0.45691309577688055
747 32 994 0.4545565667065763
747 409 579 0.24021532018748382
748 780 820 0.36548399962208744
748 62 557 0.8381368154954469
750 921 677 0.07297945856578547
750 767 305 0.4019220766604845
752 734 595 0.6160630092682295
753 422 944 0.04072711406734253
753 244 259 0.7706459988702655
753 800 517 0.4058166564406458
753 758 502 0.030103349077022834
754 384 100 0.3821524829788009
754 180 93 0.43706741168452723
754 445 40 0.7278823194164836
754 153 995 0.10229165740742552
757 674 962 0.6871689058689279
757 103 634 0.2301862699267455
757 240 832 0.5925983757130856
758 526 413 0.32461883738685193
758 603 270 0.5520313970453455
759 290 693 0.17089169243445612
759 159 45 0.35438182512618865
759 180 152 0.6967896691252604
760 971 705 0.06165148386425101
760 835 798 0.43380826389312954
760 604 574 0.35088648440930226
760 966 721 0.6981639965614237
761 199 455 0.15492146277851726
761 259 965 0.4963368443325036
761 671 121 0.6123983051187881
762 425 7 0.12476189596742115
762 785 702 0.2814339549551771
763 803 276 0.2247421142134136
763 867 508 0.8452354898312041
763 697 516 0.29403609847862866
765 76 505 0.37464512397872807
765 301 218 0.9027978126401002
765 913 263 0.5089560688195062
766 899 901 0.0014919275373596053
766 197 6 0.6353045440470346
767 138 137 0.7605664219541636
767 274 999 0.5164787315752836
767 818 825 0.22000760045034784
767 374 996 0.6237539674532635
767 853 934 0.1113626105945742
768 415 736 0.3685169655826359
769 977 310 0.30915289184737704
769 469 563 0.6734229516437895
769 926 675 0.85211422040911
770 382 651 0.9228332675459906
770 449 815 0.9696961287425543
770 355 110 0.5346126113297061
771 3 199 0.49338801841744817
771 868 939 0.6810355069810478
771 113 850 0.9075251563727382
772 125 435 0.8272466996483132
772 289 608 0.7385159200996887
772 667 953 0.15546449647882865
772 951 604 0.4258376716676413
773 376 969 0.12544601711930237
773 175 982 0.6174654358140669
774 41 569 0.493864645017133
774 729 662 0.057328234201138084
774 154 664 0.3875251309861083
774 360 976 0.8949120921545317
775 931 884 0.6098950479654828
776 649 584 0.1353313456796752
776 591 879 0.2068571639953607
777 69 19 0.05523277585293718
777 14 149 0.3927031503235572
778 724 416 0.2378878083331536
778 96 999 0.19605928832426867
778 361 574 0.9028766334842045
778 553 651 0.9542332556664745
779 530 569 0.7332571842294369
779 475 564 0.33734870897677305
782 244 21 0.28816617875834205
782 314 750 0.002428502836393509
783 248 766 0.5481116478523917
784 284 937 0.14088440724185536
785 783 260 0.5391814134025781
785 395 846 0.12546488987913762
786 248 415 0.9033446018577375
786 118 921 0.06254233081057381
787 996 94 0.02851915581037401
787 714 474 0.07187563342529912
787 92 654 0.08783369171860134
787 206 929 0.8419388388518074
788 838 38 0.5706259133922862
788 927 739 0.13444657262438175
789 594 945 0.16231102246188744
789 687 244 0.8984523262300962
790 624 191 0.8844188587717792
790 603 850 0.6023200602289099
791 477 87 0.039668440194368215
793 447 23 0.5028853231872871
795 437 770 0.9343109244491956
796 532 152 0.9961817213706664
796 795 705 0.4866677453120456
796 634 572 0.20815738989264443
797 63 29 0.28421511647705
797 699 361 0.8036917723032385
797 310 66 0.3753556766765008
799 396 325 0.14404517822341356
799 758 80 0.19908257083313818
799 634 354 0.6383653281845142
800 921 545 0.0951233413496122
800 177 211 0.42422698904041256
801 254 295 0.6414061673397944
801 494 294 0.694257768294932
803 411 159 0.5318198291186923
803 730 538 0.2234645759731283
804 478 735 0.8047258526949034
804 260 443 0.9939764937196734
805 114 352 0.266533870237593
806 25 186 0.27839070533748356
806 595 238 0.6986721460882536
806 923 664 0.8065586476607194
806 851 11 0.8095684357964632
806 62 858 0.4991848627697818
807 74 357 0.1341293051259692
807 557 889 0.11072933328760626
807 801 757 0.7569538245653546
807 287 960 0.024434147598648037
807 995 61 0.15896049580592198
808 981 178 0.9434954651281514
808 3 301 0.6299980098013385
808 961 891 0.7262402901473531
809 661 382 0.31178462460536516
809 757 627 0.2661505908687024
809 700 505 0.9587188866683167
810 778 520 0.5135056688838204
810 217 464 0.3459892619976721
811 758 792 0.5103514170072703
812 583 457 0.27341319015753096
813 197 732 0.16988285957331883
813 936 555 0.24858500369583292
813 774 785 0.5154959791612728
813 266 754 0.9167515200849276
815 560 656 0.26604492899731835
815 110 806 0.6684338920346302
815 655 576 0.3537059297012317
815 273 924 0.8268466369434557
815 119 421 0.367753604440637
816 425 180 0.6749036534218656
816 906 386 0.9353680433980154
817 180 927 0.7231776379740833
817 221 827 0.5699842345480259
818 942 620 0.5028226876879353
818 529 761 0.7897614954268026
819 305 887 0.7323353782651704
820 682 653 0.06784578840829492
820 775 732 0.37170242829542155
820 209 563 0.5139649891565208
821 774 773 0.3370963328841462
821 528 833 0.6687599261202525
821 507 639 0.39976701883656585
821 844 227 0.01634555417974426
822 513 735 0.2462671406516187
822 332 537 0.5553279011768533
823 956 263 0.4116939482409283
823 122 121 0.8338150342235786
823 9 333 0.37631103323187887
825 942 742 0.6282835640447871
825 134 925 0.5800878750648316
825 139 405 0.6098435136585035
826 41 566 0.6905857467373766
826 871 39 0.009531107020016583
826 283 114 0.6375001461658683
826 129 784 0.8921413110994395
826 683 987 0.6413531390772491
827 125 999 0.28622182446572997
828 843 482 0.7723646851481097
830 158 951 0.21206722186059235
830 26 188 0.31410411601524957
830 633 570 0.1391778939704319
832 250 614 0.06489338619788165
832 66 159 0.21957313970520687
832 295 439 0.9840482027577454
833 580 203 0.11694120951039721
833 908 444 0.13577068312234208
834 13 659 0.20445607141600064
834 302 941 0.16761895696109586
834 44 924 0.9984926285960715
835 553 504 0.8950488387702618
835 84 691 0.4401582229195705
835 463 816 0.5798915301778012
836 197 630 0.12070015265072465
837 361 680 0.7274181614597207
838 671 768 0.16579974893234717
838 891 327 0.34768016934158774
838 325 368 0.21739655938801594
839 309 42 0.3247306760206766
840 771 360 0.8711519170665013
840 292 559 0.9296080543131587
840 883 581 0.5785878587044484
841 323 35 0.7650664940960876
843 530 715 0.024722622440162878
843 891 361 0.2624285220413499
843 760 27 0.8585082841269254
844 337 400 0.5535105406572121
845 822 355 0.07039482611311865
845 711 142 0.38512447642158254
845 796 868 0.8487487582958653
848 119 352 0.2336106737518565
849 122 357 0.9328407890060219
849 536 705 0.31781280497355247
849 850 783 0.9687325334301736
851 461 8 0.1523991059547426
852 9 800 0.7931749718186603
852 973 85 0.10681423588864192
854 351 430 0.4636006302825936
855 622 641 0.48209364994022175
855 201 235 0.8635829105070633
855 321 112 0.009721475938303414
855 850 672 0.38071827810543846
857 349 659 0.3073684109358268
857 624 652 0.5267043838069517
857 365 298 0.41265374067635063
857 909 994 0.6730331044834491
858 104 844 0.23325031254236317
859 396 808 0.4966231242721755
859 871 520 0.14974226184187145
859 982 808 0.23725092469569353
859 23 420 0.8741178063008442
860 354 336 0.39088158130207473
863 803 737 0.38540073353388926
864 704 552 0.13560068079360077
864 263 741 0.8444568240781962
864 609 374 0.8778068506138952
865 910 714 0.9341070352447632
865 2 809 0.09832510588499066
865 519 77 0.43109927983338314
866 540 425 0.828501203490773
866 504 183 0.7929331654600238
867 778 774 0.5430177509488605
868 110 47 0.17843510460559298
868 49 377 0.3109084865335323
869 524 962 0.09884968807577543
870 726 777 0.1822013731275185
870 310 930 0.0012562741205953687
870 52 353 0.6836016618605526
871 98 955 0.36272954986973094
871 454 327 0.11729073608149843
871 787 319 0.38204174738131935
872 642 99 0.9020360336563883
872 778 875 0.6440799683294031
873 261 816 0.4783018037477763
873 643 753 0.9392871237218097
874 869 513 0.346549052603094
875 147 808 0.48294775761937825
875 609 911 0.6851260998304703
875 311 2 0.4067857864668588
876 544 303 0.18699653821077344
876 580 272 0.5970568850336564
876 135 452 0.01813654527615227
877 663 453 0.02989427332269612
878 696 453 0.9102201915480098
878 516 687 0.36624480283246286
879 479 871 0.05209057757060054
879 722 336 0.33508513336911094
879 579 646 0.43239743431873745
879 306 485 0.044105016768800964
879 677 27 0.7272750407950661
880 532 880 0.5725174379813376
881 770 843 0.5236057769446926
881 286 875 0.19615858883273563
881 134 73 0.0021752323545141117
882 375 480 0.23891598862077656
882 473 821 0.8226441111649458
883 406 116 0.821046485747162
883 823 180 0.39713628856285976
883 277 346 0.8899838271175426
884 89 118 0.5365562923670897
884 817 710 0.4244771399379337
884 290 960 0.12576785824798176
885 41 617 0.6513532167325905
885 857 167 0.7885242510773959
885 205 367 0.5177332101938602
885 947 918 0.7415705071354002
885 705 449 0.47209158335822243
886 141 335 0.8766904551698663
886 317 122 0.23589078282960452
886 630 319 0.9623521643173779
887 972 465 0.7061849611536624
887 102 390 0.25891571626657395
888 397 108 0.9105604676219909
888 967 568 0.2757042856204235
888 59 570 0.6038989878899864
889 53 63 0.9418999291489011
889 525 479 0.5861989725662724
889 0 583 0.021490241321199033
891 167 601 0.3259119600455893
891 339 590 0.8563615256893051
892 93 635 0.03905525464644577
892 824 916 0.01987669778979506
893 192 404 0.1377153172250859
893 689 212 0.17685611707904303
893 166 848 0.4758910659081992
894 511 647 0.6756254954730867
894 405 489 0.9148290261703087
895 999 178 0.7775410385592868
895 206 742 0.7583711483847855
897 78 270 0.0012657181943874773
898 476 449 0.7157798130343623
899 426 68 0.0809355376995039
899 440 530 0.4150854378167538
899 749 122 0.9923440226427341
900 730 302 0.02848835188839638
901 725 247 0.15078879879518348
901 104 560 0.4273271140154741
901 839 661 0.028653552238437796
901 714 100 0.3840776426339212
902 89 895 0.8677419435822022
902 675 31 0.6220164089926076
904 323 287 0.8161703822397737
904 261 660 0.3278206116449135
905 852 201 0.5378656557328054
905 623 250 0.7989510036657858
906 697 576 0.045015018004650686
907 189 878 0.9777187258532178
908 947 350 0.04075879387645909
908 506 551 0.36484795871255926
908 145 900 0.3296950103517001
908 326 777 0.37202456161015074
908 69 425 0.6766653644501748
910 56 266 0.4234350395144584
910 106 252 0.07593330628948392
911 405 634 0.9538088009294361
911 394 872 0.40904494972360816
911 675 307 0.24082827570851228
911 463 275 0.9680356138979554
912 817 710 0.36307073979979243
912 252 970 0.0003529655650117425
912 2 703 0.17986039563818057
913 990 274 0.18791339637527316
913 911 78 0.06369670249778847
913 316 809 0.41328143310176146
913 297 366 0.732272840432098
914 254 285 0.8596640073255819
915 874 206 0.21884774975132648
915 772 506 0.020770111193594953
916 376 297 0.5679055899736
916 126 968 0.6710024780873036
916 215 196 0.32061074301384207
917 689 724 0.30425277757959124
918 507 233 0.7040343191753178
919 913 709 0.23838050571328118
919 318 644 0.5961201085916632
920 340 616 0.9143128729302618
921 786 189 0.2972075649846646
921 305 765 0.7406949638044455
921 262 371 0.4326900376839862
922 218 903 0.29871904698283214
922 718 94 0.11079553449205093
922 435 587 0.7584731357555792
923 42 579 0.9931073858068393
924 270 191 0.1960495566195497
924 456 294 0.23753810001449915
925 267 273 0.8928278445057141
926 760 962 0.6933426876501615
926 762 230 0.23319650205500642
927 842 297 0.37315696545639154
927 246 970 0.48273528995717363
927 17 851 0.11228496795438903
928 80 566 0.08804387722618745
929 799 953 0.8693908824128007
929 37 990 0.20413446973690574
930 137 546 0.7667579477498907
931 639 183 0.25357457524833615
931 243 723 0.9942740298000162
931 301 371 0.2215840131975072
932 697 131 0.4859000646373357
933 969 882 0.46869254078508615
933 649 957 0.8462934064750108
934 144 938 0.28833059491637636
934 769 788 0.13344879562816714
934 696 783 0.5253670876810722
935 516 805 0.42062084413559464
935 553 385 0.24985736347049914
935 147 660 0.9593030017206348
936 99 128 0.9552928195287862
937 448 930 0.7938233310966294
937 799 719 0.6996257066581201
937 733 63 0.5797898159614394
937 716 848 0.815233264771235
938 664 27 0.8730516136253217
938 17 964 0.7102539468627139
938 681 262 0.6179247092303917
938 536 341 0.366680977620518
940 899 23 0.6056913986314907
940 573 879 0.5859566080237446
940 840 263 0.9840040944834952
940 998 19 0.0073963456530316
940 402 304 0.25009933718496036
940 98 240 0.24797388153576327
941 417 187 0.2432301365272581
941 230 172 0.193603396975083
941 252 753 0.08505359190277051
941 402 460 0.22886552945467276
941 6 877 0.012688576094739945
942 812 745 0.3997393132336228
943 698 408 0.06658477992233935
943 111 358 0.27606964676437473
943 758 701 0.6638680767133273
944 975 377 0.5692096577043133
945 255 257 0.29236554015790406
947 967 541 0.571915626057848
948 367 493 0.5371771619335771
948 325 53 0.021413212202915366
949 39 856 0.7602593973503203
951 803 702 0.9408082834355411
951 799 27 0.30567267063058823
951 604 51 0.5912986514518854
951 89 514 0.19798481482913977
953 478 148 0.9221691603602219
953 944 929 0.3796055964953228
954 36 329 0.20067512430009582
955 369 459 0.4333613940662636
956 817 762 0.8764583987444772
956 801 423 0.5115871070841448
957 738 335 0.09290130574859812
958 336 735 0.7389472779936977
958 816 205 0.8746896323749143
959 718 304 0.5895554347563318
959 708 505 0.4347019423265396
959 882 362 0.00036651778823415526
959 759 5 0.44166921278755233
959 405 45 0.8300785844368664
961 89 829 0.6732735953834391
961 832 940 0.9372454983685372
961 465 441 0.6441741480418997
962 679 455 0.7481425992522643
962 52 117 0.9756983830326434
962 490 364 0.8512071823217054
962 267 267 0.04945414322694408
962 410 223 0.45100948170697286
963 20 331 0.18194015284129594
963 167 305 0.6431440789436197
964 601 83 0.41321767334338333
964 393 912 0.234136397497949
965 48 967 0.3441548767540288
966 961 72 0.2143313276941743
966 199 423 0.0963086495077149
966 628 645 0.007211889478176192
967 320 546 0.9620710865122177
967 249 196 0.3491845889941092
968 813 854 0.6295512153029487
969 718 959 0.8551833127995485
969 28 689 0.7235590064992276
970 14 949 0.8400228970089828
970 353 422 0.8238211477332461
970 916 878 0.20522014619092788
971 361 77 0.1566329524056833
971 848 222 0.4390884403874875
972 628 274 0.6226086793111909
972 580 160 0.7020996803636897
972 124 35 0.3213247707699688
973 811 686 0.3859193073459468
973 363 40 0.8858098647929156
974 526 218 0.7508323434859079
974 159 162 0.6804334499725119
975 121 530 0.9012213243586151
976 72 228 0.8291874373084498
977 158 182 0.2503125985887814
978 776 383 0.8064245110644196
978 693 76 0.1705679351744488
978 209 436 0.7330859501217415
978 210 857 0.31023890727170167
978 148 84 0.9637823087327695
979 861 369 0.714230341752938
979 330 226 0.18426680085828362
979 23 761 0.210018541663631
980 694 542 0.13373836022837593
981 750 166 0.665657842041949
981 132 793 0.7557428377789794
981 481 181 0.39878140819045516
983 423 266 0.799839325940082
983 2 27 0.6939984034814213
984 419 349 0.013879224899973064
984 188 227 0.3574709749198728
985 605 915 0.8734742226931422
985 242 429 0.42432631025128087
985 322 58 0.07381260207723706
985 783 973 0.5616596459662069
985 69 165 0.4647362579086439
986 954 789 0.7863838589299055
986 610 207 0.5131893898505746
987 782 178 0.56411402327654
988 214 273 0.24914062265506332
989 430 649 0.3597877809630594
989 936 302 0.1608096731233919
990 45 132 0.16011668062503204
990 367 224 0.8888160714093097
991 172 987 0.12962143897417522
991 504 435 0.44228003171410646
991 308 612 0.40389980047795937
992 640 435 0.5905362144693516
992 347 684 0.9770651326502345
992 554 279 0.010889331918461753
992 114 729 0.1739583983447105
993 942 997 0.9007379529161208
993 609 989 0.8395721337567353
993 531 247 0.761531829579187
994 870 684 0.32086373157937265
994 106 291 0.45461560562753667
995 714 225 0.81220454521308
995 759 570 0.25826485114908526
996 496 566 0.42940106663982025
996 353 294 0.5776172871811324
997 480 929 0.8461571343629087
997 928 565 0.7014943805633909
997 127 494 0.7001863055932087
997 884 550 0.9329549442640387
997 628 357 0.6314655215927407
997 901 484 0.273619734662259
998 586 122 0.6866149070304821
998 71 840 0.09769933242501039
998 909 739 0.2647649345719262
998 324 561 0.23237579507255923
998 717 65 0.03299543517671799
202	786