10 20 2
3 6
4 0.681693
6 0.318307
5 6
2 0.64976
10 0.35024
2 7
4 0.783369
10 0.216631
6 0
3 0.540383
7 0.459617
1 8
3 0.294703
10 0.705297
0 2
6 0.233665
8 0.766335
9 2
9 0.315634
10 0.684366
7 3
2 0.0890185
3 0.910982
9 3
5 0.859484
10 0.140516
7 8
1 0.973594
6 0.0264057
1 0
3 0.91176
4 0.08824
0 6
5 0.135497
6 0.864503
7 6
7 0.159127
10 0.840873
3 7
3 0.141616
6 0.858384
5 4
4 0.548233
5 0.451767
0 7
7 0.356427
9 0.643573
8 4
2 0.491705
5 0.508295
8 9
5 0.98421
7 0.01579
9 5
5 0.463481
9 0.536519
7 1
3 0.37671
8 0.62329
